0.0,0.8653697467886775,9.850534146914835e-5,0.7258095264566405,0.6878984622415528
43.24947031365367,0.9980874612125984,0.00036831893492028834,0.7266667828668546,0.6869901028261696
120.27964856542837,1.0,0.00023563039612589542,0.7302364276001725,0.6831965100317611
185.63618758546392,0.8573835953828565,-2.3182018587519644e-6,0.7318376944203384,0.6814792174103518
203.679762104319,0.6856051344010737,-5.008543613159121e-5,0.732592847282156,0.6806702861209575
246.92923241797266,0.5538710442108516,-5.175402902106923e-6,0.7333059150478244,0.6798990642089233
323.95941066974785,0.6164980381030417,-1.602112376504071e-5,0.7349277268954165,0.6781458728973021
389.3159496897839,0.9288140063586044,-9.609418551225473e-7,0.7365772320785929,0.6763537204285253
407.359524208639,0.7767646805055405,-5.9007198663191704e-5,0.7368224724336545,0.6760888343344157
435.8257801299116,0.7121672895313079,-9.946635698415944e-6,0.7378832732672336,0.6749285015799685
492.1737258817003,0.8896504491244701,-9.398791793698346e-5,0.7395653507216674,0.673085156427375
554.6519671549022,0.7387035663761446,7.722666214854017e-7,0.7413400058300548,0.6711299086914696
599.4083172331946,0.3844595920908604,-0.00041853414978311877,0.7426185823125381,0.6697169435394397
611.0392863129574,0.7017738333459608,-0.00011674747611556628,0.7426471044901058,0.6696860166972899
639.5055422342306,0.9009403622664643,0.0002873105849217776,0.7431596667021059,0.6691150994995156
695.8534879860193,1.0284849593681495,-3.4090196460799953e-6,0.7447518080890241,0.6673406575720864
758.3317292592211,0.9592862439745519,-0.0004820135276693423,0.7469510953703362,0.6648800188579052
803.0880793375136,0.9197926493093499,0.00017823410441151837,0.748474484559191,0.6631631023167422
814.719048417277,0.9254673816787067,-9.05451142899129e-5,0.7492784349264591,0.6622573262868522
857.9685187309307,0.9818211893771553,0.0003366098457929975,0.7501268335653523,0.6612940315307279
934.9986969827054,0.9834391486910453,-0.00030694481518487915,0.7526401477244397,0.6584321543566783
1000.3552360027409,0.859122419536534,-9.254471460849637e-6,0.7546741310483881,0.656100041819163
1018.3988105215965,0.8602603814586541,1.5677867094252142e-5,0.7555675850247429,0.6550731787787247
1061.64828083525,0.8102551242240398,-7.331343301521275e-5,0.7564572022008675,0.6540436119243133
1138.6784590870247,0.54252259433089,-7.052223418819354e-6,0.7580497576294866,0.6521969879305181
1204.0349981070603,0.11667774503790683,-2.8489549934532704e-5,0.7582235684641837,0.6519964171093217
1222.0785726259148,0.3548627249142179,-3.5390168277348536e-5,0.7565310034460779,0.6539578270595183
1250.544828547188,0.47404231657137197,-4.1474409761836336e-5,0.7592290391307908,0.6508237189010242
1306.8927742989767,0.8110352169847729,-4.74640838684862e-5,0.7602248930392945,0.6496601753611059
1369.3710155721785,0.999999999999998,-0.0001278970709655444,0.762186590649535,0.6473577029530659
1414.1273656504711,0.8052769857073987,-3.509651334646953e-5,0.7634157093123491,0.6459075860788521
1425.7583347302345,0.9126081017896781,1.1603976721708836e-5,0.7640725787141407,0.6451324215402886
1469.007805043888,0.9353591372837304,-7.353947509292525e-5,0.7647444356860195,0.6443337393159614
1546.0379832956628,0.9945331256615877,-0.000370387925595079,0.7672525501936595,0.6413453747862035
1611.3945223156984,0.970495401703767,-1.2099068839804073e-5,0.7691706806114773,0.6390436958166358
1629.438096834554,0.8590433704812016,1.2230343885707394e-5,0.7700370484684348,0.6380015034100379
1672.6875671482076,0.8738427704376911,-9.803772680462818e-5,0.7707406677270054,0.6371490910002636
1749.7177453999823,0.7676994601702167,-9.303522404419871e-5,0.7725943945498591,0.6348999738533376
1815.0742844200179,0.5389649346373929,-3.4075550979965125e-5,0.7739561758453986,0.6332392734473065
1833.1178589388724,0.503830732978442,-0.0003374781020225467,0.7740061449296013,0.6331803387221387
1876.3673292525261,0.5578387902980262,-1.9757052433311207e-5,0.7748976869865668,0.6320869111112476
1953.3975075043013,0.7476432182171014,-9.584741800748795e-5,0.7763274949535617,0.63032990896307
2018.7540465243374,0.9621335337525313,-1.4291917243624881e-5,0.7779708287287415,0.6283006665635786
2036.7976210431918,0.7234858380816132,2.568686447992334e-5,0.7788345493247697,0.627230133491595
2080.0470913568456,0.8481970586097886,-1.4954570917088354e-5,0.7793184800471675,0.6266296846882871
2157.07726960862,0.9785042121968313,9.8472461687666e-7,0.7811311578464082,0.6243638124488804
2222.4338086286557,0.9968482770262153,0.00010322124441952372,0.7836240767189828,0.6212396308412786
2240.477383147511,0.9750377985531337,1.3590012229396664e-5,0.7838519962427797,0.6209478499617559
2283.7268534611644,0.9964630692206758,3.342676749974427e-5,0.7853307230557952,0.619076736862629
2360.75703171294,0.9867438312833091,5.470717384568846e-5,0.7874933985737992,0.6163264124971792
2426.113570732976,0.9304079091673563,5.865066060141421e-5,0.7888552222696485,0.6145777021874539
2444.1571452518306,0.9847208961564966,8.355982240362852e-5,0.7895307269082046,0.6137126153846781
2472.6234011731035,0.9737057823817595,4.4028592866789e-5,0.7898043332239021,0.6133598664888397
2528.971346924892,1.0083279990316485,-0.0002643296602966333,0.7913285963330589,0.6113894828266451
2591.4495881980934,0.9429376874404383,-0.0003870224803305377,0.7933055730950919,0.6088265997464677
2636.205938276386,0.6915616479940262,8.083231201696714e-5,0.7940172271324542,0.607893566302937
2647.8369073561494,0.6549709817773017,-9.422408273676148e-5,0.7944149418100532,0.6073779009928478
2691.086377669803,0.6864582398575152,-2.5200290335612996e-5,0.7951517898038851,0.6064108183843387
2768.1165559215783,0.8583737279355571,1.5094156939523797e-5,0.7963904421714183,0.6047828350362726
2833.4730949416144,1.0,-2.5597686909653103e-5,0.798204955168873,0.6023862384380881
2851.516669460468,1.0,-0.00023467640939745684,0.7987348211853003,0.6016856036272104
2879.9829253817416,1.0,-2.646373949342071e-5,0.7994122921996941,0.6007831075756438
2936.3308711335303,0.979353468793721,-7.079674490683536e-5,0.8003827582399191,0.5994894697791388
2998.809112406732,0.7537719739706717,-2.879662870746552e-5,0.802240443668579,0.597001370607592
3043.5654624850245,0.4519010377619447,3.57353816704471e-5,0.8031941012892923,0.5957186869066438
3055.196431564788,0.6608379556714141,-0.0005662781105263514,0.8026164993548005,0.5964967608177139
3083.662687486061,0.7805343352103586,-3.325447708402033e-5,0.8035023150521087,0.5953018440415001
3140.0106332378496,0.9212114866879784,-8.598834776414603e-5,0.8044129307964075,0.5940706306202742
3202.4888745110516,0.9742586551087329,-7.763193167625458e-5,0.8060558277633476,0.5918395198832272
3247.245224589344,0.9215021717485756,-2.7465074418454196e-5,0.8071812634255078,0.5903037655626683
3258.8761936691067,0.9941755529781238,-2.615300697990376e-5,0.8077855218983625,0.5894778769443777
3302.1256639827607,1.0,6.7361001249648084e-6,0.8080705137609488,0.5890859859311529
3379.1558422345356,0.9856760594173111,-1.4026049737537396e-5,0.8103777799811644,0.5859079969021955
3444.5123812545717,0.9142210610762448,-3.552432150410805e-5,0.8118815876194048,0.5838224143040397
3462.5559557734264,0.8723732096371929,-9.58430029362666e-5,0.8125313709713384,0.5829192060157202
3505.80542608708,0.9495912778358818,-5.026906971124996e-5,0.8126892132699668,0.5826977011691038
3582.8356043388553,0.9984844144513995,-4.010617632733911e-5,0.8149683192743298,0.5795058623601261
3648.192143358891,0.9837517345753489,-3.395779350468255e-5,0.8164889789711004,0.5773613525024641
3666.2357178777456,0.9729215818814162,-0.00010590113015200328,0.8168600130657615,0.576836070941254
3738.5524263316324,1.0,-6.850912070890957e-5,0.8179797119817314,0.5752474307194626
3838.334723949042,0.9698223566165802,8.173982906729753e-5,0.8204663813066672,0.5716947808003277
3869.9154799820644,0.9758148923411853,1.8114729519158725e-5,0.8216309385816273,0.5700210925544373
3913.1649502957184,0.9912266591847007,-5.961586297215874e-7,0.8217520722440154,0.5698456923494762
3990.195128547494,0.9745147954755279,2.2372591227015115e-5,0.823805495135852,0.5668725971156267
4055.5516675675294,0.8990157631385164,-4.505687256615354e-5,0.8253414395781804,0.564634220713017
4073.5952420863837,0.86731093543299,4.580962371400302e-6,0.8256530371452124,0.564180291072489
4104.176772720756,0.9449045744013075,-3.913154741413842e-5,0.8263370676774002,0.5631761385882248
4173.692655208241,1.0,-0.00012946087417732398,0.8278422300401335,0.5609616045703654
4276.278072171131,1.0,-1.2150570969504164e-5,0.8298359254016726,0.5580075943897671
4403.613016857804,1.0,-7.405641514512739e-5,0.8319175689653436,0.5548995791301021
4545.379932042321,1.0,-0.0001354231904816242,0.8354256947630753,0.5496036335409777
4690.09330195507,1.0,0.0014454870014850999,0.8386145119643388,0.5447291620461955
4826.029349204762,1.0,1.893666216200231e-5,0.841319976991278,0.5405387232057869
4942.17592727737,1.0,-9.679763721949538e-5,0.8435586929609866,0.5370387941408777
5029.126184037258,0.995475302190235,-5.647839861935661e-5,0.8443111530462594,0.5358538310064006
5079.857169264152,0.9629265133924981,9.792318439073348e-5,0.8457660518894443,0.5335540517164648
5091.99405260798,0.9552003419335234,0.00010507806316895532,0.8461865599925608,0.5328881803463685
5128.9189661203545,1.0,-5.777349348717488e-5,0.84622151426957,0.5328318353271552
5212.245544155319,1.0,-6.620413052204093e-5,0.8481954245052159,0.5296835465666468
5333.534811826635,1.0,3.906821207482522e-6,0.8504262647154953,0.5260943445053006
5480.9030065529905,1.0,-9.395653690892852e-5,0.8531028280027912,0.5217431371072396
5639.92275617249,1.0,5.751452102476634e-5,0.8558713250442397,0.517189126990871
5795.027768074168,1.0,2.0553289662174554e-5,0.8586321093668524,0.5125927704846392
5931.03586998014,1.0,2.03993452192263e-5,0.8609245621701772,0.5087334030276417
6034.636833931924,1.0,8.467747517127336e-5,0.8625091023451977,0.5060417540144906
6095.715282286409,0.9663514345154388,2.775773610113416e-5,0.8634578773123348,0.5044210638779252
6110.392863129576,0.9657556581725776,7.695020459824346e-5,0.8638576734728997,0.5037370364772851
6147.31777664195,1.0,0.00031717177354478356,0.8638634180927038,0.5037267005690101
6230.644354676915,1.0,-1.09122532603037e-6,0.8660507310300631,0.49995838497065576
6351.93362234823,1.0,-0.00017343083896462772,0.8676446132892065,0.4971854413106646
6499.301817074586,1.0,4.457250973063454e-5,0.8698492933204863,0.49331768310804347
6658.321566694085,1.0,-4.284112816719606e-5,0.872192554325711,0.48916271898974556
6813.426578595763,1.0,0.0003040204401036111,0.874607425701018,0.48483186823598845
6949.434680501736,1.0,-1.970569566596036e-5,0.876120888298187,0.4820925475189831
7053.035644453519,1.0,0.00013325579162236194,0.8780050131382666,0.47865149370731175
7114.114092808005,0.9997539249059991,-0.00010312672818679498,0.8790087121133046,0.4768059918113894
7128.791673651172,0.9409829221826778,3.089779792220692e-5,0.879191920846828,0.4764687211970276
7157.257929572444,0.8334160682916235,-0.00010372658025947784,0.8796116007252903,0.4756930187724307
7213.605875324233,0.7669672247109605,-3.7843496939221174e-5,0.8801671848319331,0.47466386615365075
7276.084116597435,0.7896171378573612,-8.557866228038418e-5,0.880884447327472,0.4733315444715846
7320.840466675728,0.9326289894103401,-6.495690605384304e-5,0.8813232159103167,0.4725139448555475
7332.47143575549,0.8912397106382174,0.00010429361917724322,0.8815295430481435,0.4721297721708975
7360.937691676763,0.9759110729150294,-8.64058338671859e-5,0.881943921151093,0.47135454167806334
7417.285637428552,1.0,-0.0001282051577325028,0.8822436273990344,0.4707939975530386
7479.763878701754,0.9827649133058305,2.2931874340655908e-5,0.8833132908034902,0.46878328283748666
7524.520228780047,0.9648933815784232,-7.010564561547015e-5,0.8840924481315611,0.46731212297811203
7536.15119785981,0.980773991366026,-6.359003159762017e-5,0.8842461374780198,0.4670212383236764
7608.467906313696,1.0,-5.5170669135082496e-5,0.8854807348082793,0.4646769279542493
7708.250203931107,0.9988343398275488,3.6005246619095186e-5,0.8864514905543059,0.46282152253354664
7739.83095996413,0.9972378755917928,0.00010888567213472803,0.8863741999007604,0.4629695086009422
7759.900562798563,0.9515896636396748,-8.442938418717769e-5,0.8872830177975981,0.4612256515935459
7801.858724319727,1.0,-1.9237967567063816e-5,0.8878133507315589,0.4602037915502957
7854.304116909577,1.0,3.1391833773037345e-5,0.8884792199600983,0.45891686268994536
7903.179396222489,0.5870538884091747,-6.733775145008118e-5,0.8890041964771641,0.457899156295044
7935.402259854797,0.5149854155085373,0.00011314944446106818,0.8893368011057549,0.4572533070653603
7943.510722068449,0.48646810054529693,4.547413929269297e-6,0.8891384951216666,0.45763821570329866
7963.580324902882,0.44239584737828314,9.119097037738611e-5,0.8894693194560204,0.45699508955311335
8005.538486424045,0.428422325675092,-6.64247505256909e-5,0.889610464292627,0.4567201351603759
8057.983879013896,0.7713285563184766,-0.00012731306346274937,0.890014533490965,0.45593225585825725
8106.859158326807,0.9955676609869687,-0.00011650669210970619,0.8908914881776736,0.4542176672098148
8139.082021959118,0.904303168174449,-6.652035226826255e-5,0.8909904826397381,0.45402204986941375
8147.190484172767,0.5712595586550064,5.8985541565285e-5,0.8904087558890373,0.4551617777854843
8167.260087007201,0.6387492625920717,-6.744684781304907e-5,0.8912364797371164,0.4535389624223208
8209.218248528367,0.8576241189339523,-0.00010870287269154701,0.8917028184437737,0.4526215792212465
8261.663641118215,1.0,-0.00030649362484135,0.8921924993630529,0.45165538053845933
8310.538920431129,0.9804522241019986,-0.0001300935893198856,0.8929372290191895,0.45018140359250175
8342.761784063436,0.9701672398575375,-6.830739335145035e-5,0.8932606213578654,0.44953922751609937
8350.870246277087,0.9581309240874354,0.00011929443084656397,0.8934771463186241,0.4491090060338575
8394.119716590742,1.0,-0.0003837108053345216,0.8938160338856387,0.44843391027776774
8471.149894842516,1.0,0.00046710834358600333,0.8947886229078971,0.4464900830213346
8536.50643386255,0.9876363921198097,-0.00010766895380175474,0.8957380465825291,0.4445824580240704
8554.550008381406,0.9642573249908735,-7.425770283718148e-5,0.8959783568398499,0.44409805128548613
8597.799478695058,1.0000000000000042,-0.00018567838750224182,0.8960179395676588,0.4440186318062244
8674.829656946835,1.0,0.00019034940137502716,0.8973777830691027,0.44126329020718574
8740.186195966871,0.9896940922818055,-0.00010567666302576584,0.8981867382834503,0.43961434042681213
8758.229770485726,0.9628859610822236,-1.3557003962090842e-5,0.8984263173077197,0.4391246234775499
8801.47924079938,1.0,8.733478354895966e-5,0.8987444306099209,0.4384728566062081
8878.509419051154,1.0000000000000018,-4.5476200819443183e-5,0.8997455646335578,0.4364149389296729
8943.86595807119,0.991792088131057,-0.00010704311397978195,0.9005837233964182,0.4346827841477009
8961.909532590045,0.9520028469958621,4.1573792683296156e-5,0.9002152140206454,0.4354452511135985
8976.78922087633,0.9907618384463359,-7.538968910089701e-5,0.9008846948212584,0.4340585394505641
9008.911924673495,0.9821540154014495,-0.00014481470754225018,0.9012497959017354,0.43329996254765657
9051.799212656517,0.9986636259578131,-8.4940619411278e-5,0.9018209755430213,0.43211002676944144
9096.9523331451,0.9047676286155819,-0.00015646964950855662,0.9022906464071547,0.4311284028804294
9135.428680741146,0.583985267063963,-7.270768873280452e-5,0.902596191307353,0.43048828472909656
9159.618131784711,0.49503595925800464,0.00017883669317164514,0.9027867213481808,0.43008922720718046
